0 0.250781 0.431250 0.042187 0.200000
0 0.700781 0.214844 0.229688 0.395312
0 0.553906 0.081250 0.139062 0.162500
0 0.704688 0.809375 0.175000 0.378125
0 0.480469 0.244531 0.182813 0.370312
0 0.082812 0.318750 0.153125 0.293750
0 0.187500 0.290625 0.093750 0.215625
0 0.618750 0.474219 0.228125 0.339063
0 0.123438 0.071094 0.140625 0.142187
0 0.097656 0.807813 0.182812 0.328125
0 0.570312 0.803125 0.143750 0.390625
0 0.914062 0.628125 0.056250 0.246875
0 0.888281 0.079688 0.098437 0.103125
0 0.810156 0.795312 0.229688 0.406250
0 0.262500 0.021094 0.093750 0.042188
0 0.435937 0.501563 0.115625 0.234375
0 0.988281 0.115625 0.020312 0.100000
0 0.317969 0.797656 0.126562 0.379688
0 0.161719 0.578125 0.092188 0.071875
