0 0.751563 0.450781 0.050000 0.198438
0 0.329688 0.196094 0.228125 0.392188
0 0.482031 0.081250 0.129688 0.162500
0 0.271875 0.795312 0.150000 0.403125
0 0.545312 0.248437 0.175000 0.375000
0 0.930469 0.354687 0.135937 0.300000
0 0.830469 0.317188 0.082812 0.215625
0 0.380469 0.467969 0.214062 0.348438
0 0.911719 0.089063 0.132812 0.178125
0 0.866406 0.835156 0.185937 0.326562
0 0.399219 0.797656 0.120312 0.401562
0 0.078125 0.591406 0.046875 0.245313
0 0.148438 0.046875 0.106250 0.093750
0 0.151562 0.779687 0.228125 0.437500
0 0.781250 0.031250 0.121875 0.062500
0 0.565625 0.506250 0.118750 0.228125
0 0.028125 0.070312 0.056250 0.125000
0 0.643750 0.810937 0.115625 0.375000
0 0.829687 0.607812 0.087500 0.075000
