0 0.246875 0.450781 0.050000 0.198438
0 0.668750 0.196094 0.228125 0.392188
0 0.516406 0.081250 0.129688 0.162500
0 0.726562 0.795312 0.150000 0.403125
0 0.453125 0.248437 0.175000 0.375000
0 0.067969 0.354687 0.135937 0.300000
0 0.167969 0.317188 0.082813 0.215625
0 0.617969 0.467969 0.214062 0.348438
0 0.086719 0.089063 0.132812 0.178125
0 0.132031 0.835156 0.185938 0.326562
0 0.599219 0.797656 0.120313 0.401562
0 0.920312 0.591406 0.046875 0.245313
0 0.850000 0.046875 0.106250 0.093750
0 0.846875 0.779687 0.228125 0.437500
0 0.217188 0.031250 0.121875 0.062500
0 0.432812 0.506250 0.118750 0.228125
0 0.970312 0.070312 0.056250 0.125000
0 0.354687 0.810937 0.115625 0.375000
0 0.168750 0.607812 0.087500 0.075000
